0.0049	
0.0048	
0.0045	
0.0041	
0.0071	
0.0063	
0.0076	
0.0079	
0.0096	
0.0119	
0.0058	
0.0039	
0.0031	
0.0045	
0.0033	
0.0090	
0.0080	
0.0033	
0.0043	
0.0036	
0.0041	
0.0021	
0.0033	
0.0071	
0.0026	
0.0027	
0.0033	
0.0030	
0.0031	
0.0052	
0.0049	
0.0029	
0.0024	
0.0034	
0.0033	
0.0028	
0.0032	
0.0037	
0.0024	
0.0020	
0.0024	
0.0043	
0.0042	
0.0033	
0.0031	
0.0034	
0.0029	
0.0035	
0.0027	
0.0033	
0.0024	
0.0020	
0.0030	
0.0022	
0.0026	
0.0028	
0.0031	
0.0026	
0.0029	
0.0037	
0.0033	
0.0039	
0.0044	
0.0043	
0.0025	
0.0023	
0.0038	
0.0030	
0.0030	
0.0030	
0.0034	
0.0025	
0.0036	
0.0039	
0.0027	
0.0032	
0.0025	
0.0053	
0.0033	
0.0027	
0.0036	
0.0034	
0.0048	
0.0039	
0.0047	
0.0023	
0.0039	
0.0028	
0.0039	
0.0025	
0.0032	
0.0026	
0.0043	
0.0035	
0.0025	
0.0041	
0.0027	
0.0024	
0.0033	
0.0027	
0.0032	
0.0035	
0.0030	
0.0040	
0.0029	
0.0019	
0.0038	
0.0030	
0.0025	
0.0031	
0.0034	
0.0040	
0.0052	
0.0035	
0.0033	
0.0040	
0.0038	
0.0040	
0.0040	
0.0042	
0.0039	
0.0029	
0.0030	
0.0034	
0.0042	
0.0031	
0.0043	
0.0035	
0.0031	
0.0033	
0.0027	
0.0049	
0.0037	
0.0033	
0.0037	
0.0035	
0.0040	
0.0026	
0.0036	
0.0042	
0.0029	
0.0061	
0.0030	
0.0032	
0.0021	
0.0041	
0.0023	
0.0031	
0.0020	
0.0028	
0.0031	
0.0028	
0.0033	
0.0045	
0.0032	
0.0035	
0.0050	
0.0028	
0.0025	
0.0031	
0.0036	
0.0035	
0.0036	
0.0031	
0.0035	
0.0027	
0.0034	
0.0039	
0.0026	
0.0029	
0.0030	
0.0030	
0.0024	
0.0335	
0.0234	
0.0184	
0.0155	
0.0124	
0.0066	
0.0067	
0.0054	
0.0029	
0.0037	
0.0039	
0.0034	
0.0042	
0.0029	
0.0026	
0.0024	
0.0032	
0.0037	
0.0038	
0.0030	
0.0044	
0.0028	
0.0035	
0.0048	
0.0040	
0.0050	
0.0034	
0.0725	
0.0291	
0.0981	
0.0501	
0.0411	
0.0134	
0.0272	
0.0145	
0.0232	
0.0108	
0.0245	
0.0202	
0.0237	
0.0122	
0.0103	
0.0097	
0.0080	
0.0038	
0.0088	
0.0050	
0.0052	
0.0056	
0.0051	
0.0033	
0.0068	
0.0056	
0.0032	
0.0045	
0.0051	
0.0034	
0.0039	
0.0040	
0.0042	
0.0056	
0.0070	
0.0055	
0.0067	
0.0065	
0.0059	
0.0059	
0.0047	
0.0064	
0.0037	
0.0046	
0.0063	
0.0075	
0.0053	
0.0084	
0.0153	
0.0093	
0.0073	
0.0122	
0.0090	
0.0058	
0.0050	
0.0046	
0.0061	
0.0058	
0.0064	
0.0038	
0.0035	
0.0056	
0.0046	
0.0063	
0.0057	
0.0037	
0.0035	
0.0040	
0.0048	
0.0131	
0.0115	
0.0079	
0.0043	
0.0036	
0.0060	
0.0033	
0.0036	
0.0027	
0.0022	
0.0027	
0.0036	
0.0026	
0.0057	
0.0034	
0.0155	
0.0061	
0.0071	
0.0093	
0.0061	
0.0045	
0.0046	
0.0054	
0.0184	
0.0120	
0.0090	
0.0071	
0.0080	
0.0098	
0.0064	
0.0073	
0.0070	
0.0055	
0.0059	
0.0043	
0.0038	
0.0047	
0.0046	
0.0047	
0.0266	
0.0330	
0.0256	
0.0211	
0.0270	
0.0418	
0.0962	
0.1680	
0.3423	
0.6238	
0.7274	
0.8090	
1.1728	
1.8341	
2.9549	
4.9386	
6.1518	
6.6843	
5.3858	
12.4591	
9.7714	
16.2406	
20.4869	
15.9812	
10.3176	
7.6092	
5.9008	
4.3130	
5.0179	
4.2193	
3.2493	
2.5890	
1.3891	
0.8854	
0.5814	
0.2621	
0.1140	
0.1095	
0.0977	
0.1217	
0.0768	
0.0531	
0.0534	
0.0371	
0.0316	
0.0155	
0.0150	
0.0141	
0.0102	
0.0111	
0.0108	
0.0090	
0.0051	
0.0098	
0.0087	
0.0083	
0.0065	
0.0056	
0.0039	
0.0071	
0.0100	
0.0060	
0.0038	
0.0039	
0.0033	
0.0051	
0.0035	
0.0044	
0.0066	
0.0032	
0.0032	
0.0019	
0.0032	
0.0032	
0.0043	
0.0043	
0.0047	
0.0051	
0.0027	
0.0038	
0.0039	
0.0029	
0.0032	
0.0031	
0.0041	
0.0034	
0.0025	
0.0042	
0.0048	
0.0069	
0.0048	
0.0167	
0.0264	
0.0504	
0.0904	
0.1073	
1.1259	
2.0183	
3.0559	
2.1910	
1.7707	
5.5582	
5.4533	
3.2320	
2.8508	
0.9719	
0.1135	
0.0225	
0.0229	
0.0271	
0.0198	
0.0273	
0.0311	
0.0408	
0.1532	
5.7695	
19.9526	
10.3013	
13.7667	
12.8730	
15.1209	
14.1853	
14.0016	
12.2461	
7.8137	
9.4258	
4.3844	
5.4716	
8.9957	
1.8576	
4.2181	
5.8152	
5.0371	
1.7246	
1.3332	
0.8301	
1.0049	
0.7253	
0.7446	
0.9369	
0.9568	
1.0633	
0.7016	
0.6600	
0.5961	
0.6691	
0.9854	
1.2473	
1.6606	
1.5678	
1.4285	
1.0065	
1.0464	
0.7639	
0.7152	
0.5799	
0.4826	
0.5556	
0.5776	
0.7425	
0.5467	
0.4216	
0.2207	
0.0789	
0.0077	
0.0011	
0.0008	
0.0005	
0.0008	
0.0007	
0.0005	
0.0006	
0.0003	
0.0003	
0.0002	
0.0004	
0.0004	
0.0004	
0.0004	
0.0003	
0.0003	
0.0004	
0.0002	
0.0003	
0.0003	
0.0005	
0.0003	
0.0003	
0.0004	
0.0003	
0.0002	
0.0002	
0.0003	
0.0004	
0.0002	
0.0003	
0.0003	
0.0004	
0.0003	
0.0004	
0.0003	
0.0004	
0.0003	
0.0002	
0.0003	
0.0003	
0.0003	
0.0003	
0.0004	
0.0003	
0.0015	
0.0133	
0.0729	
0.2676	
0.5877	
0.9315	
1.0833	
1.2247	
1.8626	
1.7650	
1.9225	
1.8650	
0.7748	
0.4516	
0.3388	
0.2151	
0.4093	
0.0638	
0.0074	
0.0078	
0.0084	
0.0121	
0.0093	
0.0083	
0.0058	
0.0046	
0.0089	
0.0188	
0.1506	
0.1503	
0.3886	
2.0906	
9.7064	
11.8662	
10.9688	
9.4722	
6.3806	
3.0923	
1.9232	
2.6068	
3.7671	
3.6204	
3.1613	
2.1817	
1.8649	
1.7951	
1.2343	
0.4197	
0.2609	
0.1328	
0.0575	
0.0351	
0.0423	
0.0254	
0.0316	
0.0228	
0.0200	
0.0451	
0.0080	
0.0241	
0.0138	
0.0139	
0.0041	
0.0090	
0.0033	
0.0017	
0.0034	
0.0022	
0.0019	
0.0024	
