0.0008	
0.0005	
0.0004	
0.0002	
0.0004	
0.0007	
0.0003	
0.0004	
0.0005	
0.0003	
0.0006	
0.0004	
0.0005	
0.0003	
0.0004	
0.0002	
0.0007	
0.0007	
0.0008	
0.0016	
0.0002	
0.0005	
0.0009	
0.0036	
0.0081	
0.0030	
0.0004	
0.0042	
0.0017	
0.0024	
0.0032	
0.0009	
0.0012	
0.0018	
0.0008	
0.0014	
0.0003	
0.0005	
0.0025	
0.0012	
0.0007	
0.0011	
0.0011	
0.0005	
0.0009	
0.0007	
0.0006	
0.0007	
0.0005	
0.0002	
0.0007	
0.0017	
0.0013	
0.0011	
0.0006	
0.0006	
0.0013	
0.0007	
0.0012	
0.0007	
0.0012	
0.0010	
0.0009	
0.0023	
0.0005	
0.0004	
0.0006	
0.0005	
0.0010	
0.0006	
0.0008	
0.0008	
0.0007	
0.0010	
0.0008	
0.0014	
0.0017	
0.0012	
0.0027	
0.0060	
0.0043	
0.0038	
0.0025	
0.0025	
0.0030	
0.0036	
0.0022	
0.0024	
0.0039	
0.0325	
0.1268	
0.6205	
2.4042	
6.8650	
24.8481	
26.7063	
25.4106	
27.9596	
25.9912	
18.9204	
8.7912	
2.9011	
0.6490	
0.6754	
0.8755	
0.7064	
0.4098	
2.2283	
4.9405	
3.5242	
3.2693	
1.4404	
0.2935	
0.0898	
0.1093	
0.1614	
0.0921	
0.9473	
1.6950	
1.4372	
0.9581	
0.7597	
1.0690	
3.1826	
3.5262	
1.6511	
1.0147	
0.1917	
0.2696	
0.4401	
0.4489	
0.3255	
0.0762	
1.1785	
1.8791	
2.5701	
2.7991	
2.3995	
1.0903	
0.1608	
0.2003	
0.3280	
1.4338	
3.7367	
4.3311	
4.1776	
4.2727	
1.5710	
0.2803	
0.0791	
0.1936	
1.4458	
3.0892	
8.6345	
12.2736	
8.4214	
6.6517	
4.8578	
4.0955	
2.8154	
2.3775	
1.1331	
0.5514	
0.1357	
0.0451	
0.0182	
0.0126	
0.0052	
0.0040	
0.0029	
0.0029	
