0.0586	
0.0781	
0.0547	
0.1250	
0.0273	
0.0117	
0.0273	
0.0781	
0.0859	
0.0898	
0.0039	
0.0352	
0.0781	
0.0469	
0.0313	
0.0898	
0.0781	
0.0820	
0.0273	
0.0430	
0.1797	
0.1133	
0.2813	
0.2227	
0.0820	
0.1094	
0.0977	
0.0156	
0.0508	
0.0391	
0.0234	
0.0391	
0.0273	
0.0234	
0.0625	
0.0352	
0.0820	
0.0391	
0.0078	
0.0313	
0.0234	
0.0039	
0.0195	
0.0469	
0.0469	
0.0547	
0.0430	
0.0078	
0.0469	
0.0469	
0.0273	
0.0273	
0.1211	
0.1680	
0.2422	
0.0938	
0.0469	
0.1328	
0.1094	
0.1992	
0.0781	
0.1484	
0.2188	
0.1133	
0.1328	
0.1250	
0.0820	
0.0938	
0.1641	
0.1367	
0.2852	
0.1211	
0.2422	
0.1719	
0.2188	
0.1602	
0.2031	
0.2539	
0.2109	
0.2109	
0.1250	
0.1055	
0.1523	
0.2070	
0.1992	
0.1875	
0.3945	
0.5273	
0.5859	
0.6953	
0.5625	
0.7695	
0.7461	
0.2813	
0.0781	
0.0781	
0.0391	
0.0352	
0.0391	
0.0469	
0.0547	
0.0625	
0.2344	
0.3477	
0.2539	
0.2578	
0.2500	
0.0938	
0.1563	
0.1133	
0.1328	
0.1133	
0.1172	
0.1133	
0.1641	
0.6484	
0.4688	
0.0625	
0.1133	
0.1055	
0.1250	
0.1016	
0.0742	
0.0391	
0.0352	
0.0547	
0.0430	
0.4375	
0.7227	
0.7383	
0.7695	
0.6836	
0.5898	
0.0703	
0.0547	
0.0273	
0.0273	
0.0273	
0.0391	
0.2539	
0.4961	
0.2813	
0.0586	
0.1289	
0.0703	
0.0664	
0.0781	
0.0977	
0.1016	
0.0664	
0.0977	
0.0547	
0.0547	
0.0664	
0.0859	
0.0859	
0.1016	
0.1094	
0.1172	
0.1055	
0.1055	
0.0938	
0.1094	
0.0781	
0.1211	
0.1133	
0.1016	
0.0781	
0.1328	
0.1406	
0.1602	
