0.0000	
0.0000	
0.0000	
0.0000	
0.0001	
0.0001	
0.0000	
0.0000	
0.0000	
0.0000	
0.0000	
0.0000	
0.0000	
0.0000	
0.0000	
0.0000	
0.0000	
0.0000	
0.0000	
0.0000	
0.0000	
0.0000	
0.0000	
0.0000	
0.0000	
0.0000	
0.0000	
0.0000	
0.0000	
0.0000	
0.0000	
0.0000	
0.0000	
0.0000	
0.0000	
0.0000	
0.0000	
0.0000	
0.0000	
0.0000	
0.0000	
0.0000	
0.0000	
0.0000	
0.0000	
0.0000	
0.0000	
0.0000	
0.0000	
0.0000	
0.0000	
0.0000	
0.0000	
0.0000	
0.0000	
0.0000	
0.0000	
0.0000	
0.0000	
0.0000	
0.0000	
0.0000	
0.0000	
0.0000	
0.0000	
0.0000	
0.0000	
0.0000	
0.0000	
0.0000	
0.0000	
0.0000	
0.0000	
0.0000	
0.0000	
0.0000	
0.0000	
0.0000	
0.0000	
0.0000	
0.0000	
0.0000	
0.0000	
0.0000	
0.0000	
0.0000	
0.0000	
0.0000	
0.0000	
0.0000	
0.0000	
0.0000	
0.0000	
0.0000	
0.0000	
0.0000	
0.0000	
0.0000	
0.0000	
0.0000	
0.0000	
0.0006	
0.0040	
0.0022	
0.0001	
0.0000	
0.0001	
0.0001	
0.0000	
0.0000	
0.0000	
0.0000	
0.0000	
0.0000	
0.0000	
0.0000	
0.0000	
0.0000	
0.0000	
0.0006	
1.1445	
41.6066	
46.9841	
48.7747	
49.8202	
50.1552	
46.4466	
50.2326	
47.9998	
50.6744	
49.9553	
51.2752	
51.4749	
51.2232	
48.2365	
45.9748	
45.4529	
45.3319	
44.5863	
46.7848	
46.9022	
47.6962	
50.7362	
51.2328	
51.9824	
48.6669	
45.2381	
46.3000	
42.5610	
45.6048	
51.5174	
49.2708	
49.3220	
55.6900	
54.9680	
53.3957	
52.9001	
50.0606	
50.5648	
51.4018	
48.1683	
47.4700	
42.8112	
36.8206	
31.7100	
23.3939	
16.1740	
6.5114	
4.4846	
2.8210	
2.0325	
1.2493	
0.5249	
0.1154	
0.0162	
0.0180	
0.0083	
0.0017	
0.0005	
0.0003	
0.0001	
0.0001	
0.0001	
0.0000	
0.0000	
0.0000	
0.0000	
0.0000	
0.0000	
0.0000	
0.0000	
0.0000	
0.0000	
0.0000	
0.0000	
0.0000	
0.0001	
0.0000	
0.0000	
0.0000	
0.0000	
0.0000	
0.0000	
0.0000	
0.0000	
0.0000	
0.0000	
0.0000	
0.0000	
0.0000	
0.0000	
0.0000	
0.0000	
0.0000	
0.0001	
0.0001	
0.0001	
0.0000	
0.0000	
0.0000	
0.0000	
0.0001	
0.0000	
0.0000	
0.0000	
0.0000	
0.0000	
0.0001	
0.0001	
0.0001	
0.0001	
0.0000	
0.0000	
0.0001	
0.0000	
0.0001	
0.0003	
0.4245	
13.1427	
27.0735	
35.0348	
30.7226	
31.4756	
41.7693	
41.9494	
46.2033	
49.5870	
50.2474	
49.2384	
45.0864	
42.7123	
45.9849	
50.4691	
50.5345	
50.2638	
50.1953	
49.9914	
51.1512	
51.8110	
52.1697	
52.6214	
53.2432	
55.3895	
53.1617	
53.6039	
54.7738	
54.0887	
54.0091	
53.0426	
53.4060	
53.0900	
52.9341	
54.1212	
56.2326	
53.7591	
51.5937	
54.3436	
51.6846	
52.7514	
50.9773	
48.3607	
49.9365	
52.0568	
53.1719	
49.0242	
49.1436	
48.6224	
46.5796	
44.8358	
43.7553	
42.3366	
39.7772	
38.4338	
35.1141	
29.5464	
28.5905	
22.4202	
12.2873	
3.9558	
3.5850	
1.0463	
0.1387	
0.1021	
0.0441	
0.0098	
0.0066	
0.0042	
0.0016	
0.0014	
0.0008	
0.0004	
0.0003	
0.0002	
0.0002	
0.0001	
0.0001	
0.0001	
0.0000	
0.0001	
0.0001	
0.0001	
0.0001	
0.0000	
0.0000	
0.0000	
0.0000	
0.0000	
0.0000	
0.0001	
0.0001	
0.0001	
0.0001	
0.0001	
0.0001	
0.0001	
0.0001	
0.0001	
0.0002	
0.0002	
0.0002	
0.0003	
0.0002	
0.0001	
0.0001	
0.0001	
0.0000	
0.0000	
0.0000	
0.0000	
0.0000	
0.0000	
0.0000	
0.0000	
0.0000	
0.0000	
0.0000	
0.0000	
0.0000	
0.0000	
0.0000	
0.0000	
0.0000	
0.0000	
0.0000	
0.0000	
0.0000	
0.0000	
0.0000	
0.0000	
0.0000	
0.0000	
0.0001	
0.0002	
0.9317	
1.6862	
2.8739	
4.0613	
4.7767	
6.4963	
7.4679	
7.3353	
7.4334	
7.4043	
7.9337	
9.4437	
8.3727	
8.5634	
9.5244	
9.9872	
10.4936	
11.5080	
14.4211	
16.5058	
18.2613	
17.8278	
19.2353	
24.9301	
22.1526	
19.2904	
21.0682	
21.2012	
22.8098	
22.3356	
26.8885	
27.8507	
29.1664	
29.4301	
29.4394	
27.2781	
29.4696	
32.1391	
34.4607	
34.6646	
33.6979	
32.2624	
34.6152	
35.1869	
30.7649	
32.4554	
31.9617	
33.1135	
31.2391	
34.5795	
33.6454	
36.0820	
33.2352	
30.3006	
28.6754	
27.3752	
29.8506	
30.5003	
29.4340	
28.6543	
25.2250	
22.8214	
18.2583	
14.9009	
12.0595	
11.4602	
8.4244	
4.1709	
1.9707	
0.9669	
0.3628	
0.0846	
0.0292	
0.0156	
0.0089	
0.0021	
0.0009	
0.0004	
0.0002	
0.0003	
0.0003	
0.0002	
0.0001	
0.0001	
0.0001	
0.0000	
0.0001	
0.0001	
0.0000	
0.0000	
0.0000	
0.0001	
0.0001	
0.0000	
0.0000	
0.0000	
0.0000	
0.0000	
0.0001	
0.0001	
0.0001	
0.0001	
0.0000	
0.0000	
0.0000	
0.0000	
0.0000	
0.0000	
0.0000	
0.0000	
0.0000	
0.0000	
0.0000	
0.0000	
0.0000	
0.0000	
0.0000	
0.0000	
0.0000	
0.0000	
0.0000	
0.0000	
0.0000	
0.0000	
0.0000	
0.0000	
0.0000	
0.0000	
0.0001	
0.0014	
1.3498	
5.7449	
7.3746	
9.8881	
14.2416	
13.6452	
17.7154	
21.2048	
21.2458	
22.1817	
19.3267	
17.9013	
17.8051	
18.9176	
18.8917	
19.4458	
19.6852	
20.1301	
19.8780	
19.1519	
18.4484	
19.1856	
19.6882	
20.2544	
20.6906	
20.3186	
20.7421	
20.2162	
19.4002	
19.4323	
19.7166	
20.2387	
20.3075	
18.7203	
18.1945	
16.9731	
16.3513	
16.0710	
15.8266	
16.3296	
17.2301	
16.4990	
16.7410	
16.9411	
16.8252	
16.4426	
15.5064	
14.8490	
14.9503	
15.0805	
14.8070	
13.9823	
13.4288	
12.2896	
11.6568	
9.9715	
9.1937	
7.9125	
6.9593	
5.9903	
5.4109	
4.6171	
2.6020	
0.6736	
0.0584	
0.0098	
0.0071	
0.0049	
0.0012	
0.0001	
0.0002	
0.0002	
0.0000	
0.0000	
0.0000	
0.0001	
0.0002	
0.0001	
0.0000	
0.0000	
0.0000	
0.0000	
0.0000	
0.0000	
0.0000	
0.0000	
0.0000	
0.0000	
0.0000	
0.0000	
0.0000	
0.0000	
0.0000	
0.0000	
0.0000	
0.0000	
0.0000	
0.0000	
0.0000	
0.0000	
0.0000	
0.0000	
0.0000	
0.0000	
0.0000	
0.0000	
0.0000	
0.0000	
0.0000	
0.0000	
0.0000	
0.0000	
0.0000	
0.0000	
0.0000	
0.0001	
0.0004	
0.0751	
4.4577	
6.3538	
7.5005	
8.9100	
9.1014	
9.3177	
9.5278	
10.6138	
11.7466	
12.4713	
12.5563	
12.6558	
12.7361	
12.7290	
12.9654	
12.7296	
12.4954	
12.7331	
13.0063	
13.2422	
13.7092	
14.0328	
14.0220	
14.3334	
14.5284	
14.5162	
14.2496	
14.3873	
14.2988	
14.6564	
15.1046	
15.3568	
15.0409	
14.8351	
14.5977	
14.5508	
14.6399	
14.8832	
14.8172	
15.2869	
14.6870	
14.6048	
14.9300	
14.7953	
14.6837	
15.3270	
15.4452	
15.5034	
15.3725	
15.0647	
14.6689	
14.1834	
14.1046	
14.1321	
14.4062	
14.4682	
13.5414	
12.7439	
12.2327	
10.8212	
9.4803	
8.1179	
7.0807	
7.1345	
7.0543	
4.7309	
1.8813	
0.8117	
0.2173	
0.0215	
0.0049	
0.0057	
0.0047	
0.0025	
0.0017	
0.0022	
0.0023	
0.0028	
0.0023	
0.0013	
0.0011	
0.0007	
0.0005	
0.0004	
0.0002	
0.0003	
0.0003	
0.0002	
0.0002	
0.0001	
0.0003	
0.0003	
0.0002	
0.0002	
0.0002	
0.0002	
0.0001	
0.0002	
0.0003	
0.0002	
0.0002	
0.0002	
0.0001	
0.0000	
0.0000	
0.0000	
0.0000	
0.0000	
0.0001	
0.0000	
0.0001	
0.0000	
0.0000	
0.0000	
0.0000	
0.0000	
0.0000	
0.0001	
0.0000	
0.0000	
0.0000	
0.0000	
0.0000	
0.0000	
0.0000	
0.0003	
0.0509	
4.4852	
10.0638	
12.9873	
17.2777	
19.5168	
23.6087	
30.5822	
32.5365	
31.5296	
36.8064	
40.5243	
39.6316	
41.2515	
43.1209	
42.0883	
42.9431	
41.8943	
41.1702	
39.3683	
37.5270	
37.0436	
36.0597	
34.6669	
35.3716	
36.2037	
38.0149	
36.6309	
35.5314	
33.4642	
33.6730	
31.8200	
31.7195	
29.0248	
28.3707	
27.9364	
27.8993	
27.9808	
30.2669	
29.1908	
28.0919	
26.6565	
25.1915	
24.3555	
24.1956	
24.2882	
25.5543	
24.9431	
24.8407	
24.4815	
23.9685	
25.4783	
24.9792	
24.6030	
23.3615	
22.5873	
18.7592	
15.2992	
13.8841	
12.3522	
7.6383	
2.3999	
0.6714	
0.1844	
0.0422	
0.0169	
0.0126	
0.0020	
0.0008	
0.0004	
0.0003	
0.0001	
0.0002	
0.0002	
0.0002	
0.0001	
0.0000	
0.0000	
0.0000	
0.0000	
0.0001	
0.0001	
0.0001	
0.0001	
0.0001	
0.0001	
0.0001	
0.0001	
0.0001	
0.0000	
0.0000	
0.0000	
0.0000	
0.0000	
0.0000	
0.0000	
0.0000	
0.0000	
0.0000	
0.0000	
0.0000	
0.0000	
0.0000	
0.0000	
0.0000	
0.0000	
0.0000	
0.0000	
0.0000	
0.0000	
0.0000	
0.0000	
0.0001	
0.0000	
0.0000	
0.0000	
0.0000	
0.0000	
0.0000	
0.0000	
0.0000	
0.0000	
0.0000	
0.0000	
0.0000	
0.0000	
0.0000	
0.0000	
0.0000	
0.0000	
0.0001	
0.0000	
0.0000	
0.0000	
0.0000	
0.0000	
