0.0078	
0.1250	
0.1133	
0.0313	
0.0156	
0.0352	
0.0508	
0.0781	
0.0938	
0.0859	
0.0234	
0.0781	
0.1172	
0.1523	
0.0664	
0.4023	
0.3945	
0.0000	
0.0625	
0.0859	
0.0625	
0.0938	
0.1250	
0.1602	
0.1563	
0.1602	
0.1563	
0.1719	
0.1797	
0.2031	
0.0898	
0.0859	
0.1094	
0.1250	
0.1016	
0.1133	
0.1289	
0.1250	
0.0156	
0.0313	
0.1758	
0.1445	
0.1563	
0.1602	
0.1523	
0.1602	
0.1406	
0.1641	
0.0000	
0.0000	
0.0000	
0.0313	
0.0234	
0.1328	
0.1680	
0.1016	
0.1094	
0.0938	
0.0586	
0.0508	
0.0000	
0.1172	
0.1602	
0.1289	
0.0781	
0.0703	
0.1016	
0.2578	
0.1016	
0.0664	
0.0000	
0.0586	
0.0508	
0.0859	
0.0703	
0.0000	
0.1602	
0.2383	
0.0703	
0.0703	
0.0352	
0.0547	
0.0391	
0.0156	
0.0156	
0.0938	
0.1016	
0.0938	
0.0508	
0.0547	
0.1094	
0.1016	
0.1172	
0.1055	
0.1445	
0.1055	
0.0938	
0.0781	
0.0547	
0.1055	
0.0586	
0.0352	
0.0313	
0.0000	
0.0898	
0.1445	
0.0117	
0.0117	
0.2031	
0.1680	
0.0547	
0.0078	
0.0000	
0.0078	
0.0078	
0.0625	
0.0078	
0.1016	
0.1289	
0.1289	
0.1172	
0.1484	
0.1523	
0.1523	
0.1563	
0.1563	
0.1563	
0.1563	
0.1563	
0.1563	
0.1563	
0.1563	
0.1523	
0.1523	
0.1523	
0.1563	
0.1563	
0.1563	
0.1563	
0.1523	
0.1563	
0.1523	
0.1523	
0.1563	
0.1523	
0.1563	
0.1289	
0.1250	
0.1484	
0.1523	
0.1445	
0.1250	
0.1211	
0.1563	
0.1563	
0.1523	
0.1523	
0.1523	
0.1563	
0.1523	
0.1563	
0.1523	
0.1523	
0.1563	
0.1523	
0.1406	
0.1172	
0.1172	
0.1172	
0.0898	
0.1016	
0.0391	
0.0430	
0.0547	
0.1016	
0.1328	
0.1484	
0.1172	
0.1523	
0.1250	
0.1016	
0.1328	
0.1133	
0.0664	
0.0781	
0.0703	
0.0391	
0.0469	
0.0234	
0.0391	
0.0703	
0.1250	
0.1602	
0.1133	
0.1133	
0.0977	
0.0000	
0.0938	
0.1406	
0.0000	
0.0898	
0.2852	
0.2734	
0.2461	
0.1875	
0.1680	
0.1445	
0.0313	
0.0234	
0.0547	
0.0352	
0.0234	
0.0000	
0.0000	
0.0000	
0.0313	
0.0000	
0.0547	
0.0313	
0.0000	
0.0078	
0.0469	
0.0625	
0.0391	
0.0000	
0.0313	
0.1484	
0.0156	
0.0078	
0.0234	
0.0234	
0.0703	
0.0391	
0.0156	
0.0156	
0.0508	
0.0898	
0.0820	
0.0742	
0.0781	
0.0781	
0.0781	
0.0820	
0.0781	
0.0820	
0.0781	
0.0781	
0.0820	
0.0781	
0.0781	
0.0820	
0.0781	
0.0781	
0.0781	
0.0781	
0.0781	
0.0781	
0.0781	
0.0781	
0.0781	
0.0859	
0.0781	
0.0781	
0.0781	
0.0781	
0.0781	
0.0781	
0.0742	
0.0742	
0.0859	
0.0859	
0.0781	
0.0859	
0.0781	
0.0781	
0.0781	
0.0781	
0.0781	
0.0781	
0.0781	
0.0781	
0.0781	
0.0820	
0.0781	
0.0820	
0.0781	
0.0781	
0.0781	
0.0781	
0.0781	
0.0781	
0.0781	
0.0781	
0.0820	
0.0859	
0.0820	
0.0781	
0.0781	
0.0547	
0.0781	
0.0781	
0.0625	
0.0977	
0.0859	
0.0977	
0.0938	
0.1055	
0.1016	
0.0703	
0.0781	
0.0781	
0.0742	
0.0586	
0.0469	
0.0664	
0.0664	
0.0742	
0.0898	
0.0625	
0.0391	
0.0313	
0.0391	
0.0547	
0.0859	
0.0781	
0.0781	
0.0781	
0.0469	
0.0391	
0.0313	
0.0000	
0.0156	
0.0156	
0.0000	
0.0352	
0.0391	
0.0273	
0.0000	
0.0078	
0.0000	
0.0000	
0.0000	
0.0000	
0.0000	
0.0000	
0.0000	
0.0234	
0.0938	
0.0859	
0.1055	
0.0977	
0.0469	
0.1016	
0.1328	
0.1328	
0.0000	
0.0000	
0.0000	
0.0000	
0.0273	
0.1328	
0.1719	
0.1602	
0.1680	
0.1484	
0.0039	
0.0664	
0.0000	
0.0391	
0.0000	
0.0000	
0.0313	
0.0664	
0.0352	
0.0352	
0.0352	
0.0352	
0.0391	
0.0391	
0.0391	
0.0391	
0.0391	
0.0703	
0.1016	
0.0938	
0.1016	
0.1094	
0.0820	
0.0781	
0.0781	
0.0898	
0.0781	
0.0859	
0.0820	
0.0781	
0.0781	
0.0820	
0.0820	
0.0820	
0.0781	
0.0820	
0.1016	
0.0938	
0.1211	
0.1367	
0.1211	
0.1172	
0.1250	
0.1250	
0.1406	
0.1563	
0.1563	
0.1602	
0.1563	
0.1328	
0.1563	
0.1563	
0.1563	
0.1563	
0.1602	
0.1602	
0.1406	
0.1563	
0.1563	
0.1484	
0.1563	
0.1563	
0.1406	
0.1328	
0.1563	
0.1563	
0.1563	
0.1563	
0.1289	
0.0859	
0.0859	
0.0820	
0.0781	
0.1211	
0.0781	
0.0508	
0.0391	
0.0391	
0.0664	
0.0742	
0.0898	
0.0859	
0.1172	
0.0859	
0.0781	
0.0781	
0.1094	
0.0781	
0.0391	
0.0391	
0.0352	
0.0352	
0.0391	
0.0391	
0.0391	
0.0391	
0.0352	
0.0664	
0.0859	
0.0352	
0.0313	
0.0352	
0.0859	
0.0664	
0.0508	
0.0625	
0.0156	
0.0508	
0.0430	
0.0625	
0.0625	
0.0391	
0.0469	
0.0547	
0.0000	
0.0234	
0.0938	
0.0430	
0.0000	
0.0625	
0.0938	
0.1992	
0.0469	
0.0000	
0.0313	
0.0469	
0.0000	
0.0000	
0.0000	
0.0000	
0.0000	
0.2539	
0.0469	
0.0313	
0.1367	
0.2070	
0.0391	
0.0859	
0.0547	
0.0352	
0.0352	
0.0391	
0.0352	
0.0547	
0.0391	
0.0391	
0.0352	
0.0391	
0.0391	
0.0469	
0.0703	
0.0781	
0.0781	
0.0781	
0.0781	
0.0781	
0.0781	
0.0781	
0.0781	
0.0781	
0.0781	
0.1094	
0.1016	
0.0859	
0.0781	
0.0781	
0.0820	
0.0781	
0.0781	
0.0781	
0.0781	
0.0781	
0.0781	
0.1172	
0.1172	
0.0938	
0.0938	
0.1094	
0.0938	
0.0938	
0.0781	
0.0781	
0.0781	
0.0781	
0.0859	
0.1211	
0.1016	
0.0977	
0.0977	
0.0781	
0.0391	
0.0391	
0.0391	
0.0391	
0.0391	
0.0391	
0.0625	
0.0625	
0.0391	
0.0391	
0.0430	
0.0391	
0.0391	
0.0391	
0.0430	
0.0391	
0.0430	
0.0352	
0.0391	
0.0391	
0.0820	
0.1289	
0.0391	
0.0391	
0.0391	
0.0469	
0.0000	
0.0391	
0.0703	
0.0469	
0.0391	
0.0469	
0.1328	
0.1563	
0.0625	
0.0469	
0.0430	
0.0625	
0.1250	
0.0547	
0.0547	
0.0898	
0.2344	
0.1211	
0.0313	
0.1055	
0.1328	
0.0781	
0.0313	
0.0391	
0.1250	
0.1250	
0.0000	
0.0078	
0.0156	
0.0664	
0.1641	
0.1914	
0.1563	
0.2266	
0.1328	
0.1797	
0.0703	
0.0703	
0.0391	
0.0391	
0.0391	
0.0391	
0.0391	
0.0391	
0.0391	
0.0391	
0.0391	
0.0391	
0.0391	
0.0391	
0.0391	
0.0391	
0.0391	
0.0391	
0.0391	
0.0391	
0.0391	
0.0391	
0.0391	
0.0391	
0.0391	
0.0391	
0.0391	
0.0391	
0.0391	
0.0469	
0.0547	
0.0703	
0.0859	
0.0469	
0.0391	
0.0391	
0.0391	
0.0391	
0.0391	
0.0391	
0.0430	
0.0391	
0.0391	
0.0625	
0.0625	
0.0938	
0.0547	
0.0391	
0.0391	
0.0547	
0.0781	
0.0469	
0.0781	
0.0781	
0.0781	
0.0742	
0.0781	
0.0820	
0.0469	
0.0352	
0.0391	
0.0391	
0.0391	
0.0469	
0.0547	
0.0391	
0.0391	
0.0391	
0.0391	
0.0391	
0.0430	
0.0391	
0.0430	
0.0391	
0.0469	
0.0430	
0.0391	
0.0391	
0.0391	
0.0430	
0.0391	
0.0391	
0.0391	
0.0430	
0.0391	
0.0391	
0.0391	
0.0391	
0.0391	
0.0430	
0.0391	
0.0391	
0.0391	
0.0391	
0.0391	
0.0391	
0.0430	
0.0391	
0.0391	
0.0391	
0.0391	
0.0391	
0.0391	
0.0391	
0.0391	
0.0391	
0.0391	
0.0469	
0.0508	
0.0820	
0.0938	
0.0391	
0.0469	
0.0547	
0.0391	
0.0469	
0.0820	
0.0508	
0.0625	
0.0625	
0.0664	
0.0391	
0.0469	
0.0547	
0.0469	
0.0352	
0.0000	
0.0000	
0.0273	
0.1641	
0.0391	
0.0391	
0.0352	
0.0352	
0.0352	
0.0547	
0.0391	
0.0391	
0.0391	
0.0391	
0.0391	
0.0391	
0.0391	
0.0430	
0.0391	
0.0391	
0.0391	
0.0391	
0.0391	
0.0352	
0.0352	
0.0352	
0.0391	
0.0391	
0.0391	
0.0391	
0.0391	
0.0391	
0.0391	
0.0391	
0.0391	
0.0469	
0.0547	
0.0391	
0.0391	
0.0391	
0.0391	
0.0508	
0.0625	
0.0703	
0.0703	
0.0469	
0.0547	
0.0820	
0.0742	
0.0781	
0.0781	
0.0703	
0.0781	
0.0781	
0.0820	
0.0781	
0.0781	
0.0781	
0.0898	
0.0469	
0.0391	
0.0391	
0.0391	
0.0391	
0.0391	
0.0391	
0.0430	
0.0391	
0.0391	
0.0391	
0.0430	
0.0391	
0.0391	
0.0391	
0.0391	
0.0430	
0.0391	
0.0391	
0.0391	
0.0430	
0.0391	
0.0547	
0.0625	
0.0430	
0.0391	
0.0391	
0.0391	
0.0430	
0.0391	
0.0391	
0.0430	
0.0781	
0.0547	
0.0391	
0.0625	
0.0703	
0.0859	
0.0469	
0.0000	
0.0000	
0.0000	
0.0156	
0.0078	
0.0000	
0.0820	
0.1289	
0.0313	
0.0000	
0.0000	
0.0313	
0.0547	
0.0469	
0.0469	
0.0352	
0.0391	
0.0586	
0.0000	
0.0664	
0.1406	
0.0469	
0.0391	
0.0664	
0.0781	
0.0547	
0.0938	
0.1094	
0.0156	
0.0391	
0.0313	
0.0547	
0.0547	
0.0234	
0.0547	
0.0625	
0.0000	
0.0000	
0.1172	
0.1250	
0.3164	
0.1680	
