0.0096	
0.0119	
0.0126	
0.0083	
0.0067	
0.0073	
0.0093	
0.0063	
0.0059	
0.0081	
0.0157	
0.0056	
0.0864	
0.1990	
0.2639	
0.4989	
0.6918	
0.7501	
0.8836	
0.8376	
1.1691	
1.2754	
1.4974	
1.6269	
1.5407	
1.7402	
2.0880	
2.2023	
1.9930	
1.8029	
2.4139	
2.4379	
1.7785	
1.3580	
0.9540	
1.1849	
1.0671	
0.8279	
0.3493	
0.3206	
0.1421	
0.2125	
0.0858	
0.0342	
0.0250	
0.0444	
0.0243	
0.0176	
0.0160	
0.0082	
0.0190	
0.0223	
0.0147	
0.0154	
0.0171	
0.0213	
0.3015	
0.7219	
0.7587	
0.9769	
0.8466	
0.4644	
0.2648	
0.2542	
0.1723	
0.3397	
0.9123	
1.7437	
1.8803	
1.4225	
1.5861	
1.9592	
2.3460	
1.7910	
1.3144	
1.6372	
1.2721	
0.4796	
0.3421	
0.3556	
0.2034	
0.3975	
0.2436	
0.0885	
0.0614	
0.1494	
0.0431	
0.0677	
0.0324	
0.0260	
0.0155	
0.0173	
0.0128	
0.0090	
0.0054	
0.0058	
0.0647	
0.1089	
0.2142	
0.1849	
0.1309	
0.2367	
0.2515	
0.2982	
0.3525	
0.1657	
0.3218	
0.2405	
0.3051	
0.4189	
0.2891	
0.4577	
0.3009	
0.3216	
0.3030	
0.1742	
0.3031	
0.2193	
0.2812	
0.2562	
0.2225	
0.2947	
0.1847	
0.3105	
0.2170	
0.2224	
0.2341	
0.1770	
0.1818	
0.1143	
0.1511	
0.0751	
0.0890	
0.0501	
0.0211	
0.0189	
0.0141	
0.0190	
0.0076	
0.0263	
0.3619	
0.6672	
0.6215	
0.6652	
0.5972	
0.6752	
0.5369	
0.4024	
0.1918	
0.1004	
0.0439	
0.0246	
0.0250	
0.1882	
0.4936	
0.3937	
0.5450	
0.6075	
0.4438	
0.7688	
0.7302	
0.5825	
0.6765	
0.5025	
0.7724	
0.5146	
0.4772	
0.3138	
0.4773	
0.2861	
0.2753	
0.0924	
0.1161	
0.0784	
0.0339	
0.0315	
0.0139	
0.0075	
0.0103	
0.0124	
0.0048	
0.0051	
0.0056	
0.0044	
0.0057	
0.0047	
0.0043	
0.0044	
0.0047	
0.0037	
0.0049	
0.0106	
0.0235	
0.0125	
0.0067	
0.0109	
0.0043	
0.0031	
0.0308	
0.2288	
0.2817	
0.2604	
0.1232	
0.0835	
0.1235	
0.2173	
0.5685	
0.7916	
1.2676	
2.0589	
2.0303	
1.4047	
2.0035	
1.3861	
0.6929	
0.2731	
1.0884	
2.3561	
2.8164	
2.4286	
2.0637	
1.7213	
1.3484	
0.8551	
0.6955	
1.2361	
1.7248	
1.9610	
2.3578	
2.3137	
1.9153	
0.7331	
0.2250	
0.1166	
0.0260	
0.0425	
0.1039	
0.0694	
0.0621	
0.0216	
0.0051	
0.0071	
0.0094	
0.0093	
0.0045	
0.0083	
0.0053	
0.0051	
0.0069	
0.0047	
0.0058	
0.0044	
0.0039	
0.0021	
0.0024	
0.0033	
0.0021	
0.0042	
0.0040	
0.0047	
0.0035	
0.0035	
0.0019	
0.0045	
0.0040	
0.0039	
0.0023	
0.0030	
0.0071	
0.0040	
0.0027	
0.0041	
0.0043	
0.0069	
0.0034	
0.0037	
0.0110	
0.1197	
0.1263	
0.1503	
0.2149	
0.1803	
0.2307	
0.1804	
0.1980	
0.1074	
0.1660	
0.0972	
0.1457	
0.0608	
0.0564	
0.0567	
0.0255	
0.0157	
0.0036	
0.0092	
0.0083	
0.0081	
0.0091	
0.0124	
0.0056	
0.0075	
0.0074	
0.0037	
0.0069	
0.0061	
0.0033	
0.0070	
0.0037	
0.0033	
0.0032	
0.0053	
0.0058	
0.0033	
0.0035	
0.0054	
0.0030	
0.0045	
0.0371	
0.2721	
0.4051	
0.3376	
0.2880	
0.1976	
0.2522	
0.3355	
0.3135	
0.3308	
0.1422	
0.1915	
0.1155	
0.1995	
0.1927	
0.2655	
0.2659	
0.1416	
0.1110	
0.0926	
0.0516	
0.0213	
0.0084	
0.0073	
0.0078	
0.0053	
0.0082	
0.0050	
0.0036	
0.0027	
0.0025	
0.0025	
0.0040	
0.0065	
0.0045	
0.0294	
0.0213	
0.0131	
0.0091	
0.0143	
0.0884	
0.0471	
0.0772	
0.0856	
0.1512	
0.4354	
0.3324	
0.4589	
0.3237	
0.2760	
0.1810	
0.1702	
0.3333	
0.3626	
0.3796	
0.3631	
0.5857	
0.7992	
0.5835	
0.8634	
0.4998	
0.4756	
0.2692	
0.1183	
0.1099	
0.0838	
0.0788	
0.1703	
0.2118	
0.1863	
0.1483	
0.1684	
0.0944	
0.0584	
0.0169	
0.0338	
0.0116	
0.0048	
0.0039	
0.0056	
0.0062	
0.0045	
0.0050	
0.0060	
0.0027	
0.0045	
0.0031	
0.0033	
0.0032	
0.0067	
0.0489	
0.0781	
0.1308	
0.1188	
0.0938	
0.1426	
0.1208	
0.2348	
0.3534	
0.3088	
0.5809	
0.7225	
0.4020	
0.2679	
0.2332	
0.3740	
0.0777	
0.1038	
0.0478	
0.0307	
0.0155	
0.0103	
0.0074	
0.0473	
0.0281	
0.0168	
0.0130	
0.0069	
0.0507	
0.0778	
0.1467	
0.0719	
0.0911	
0.0579	
0.0740	
0.1103	
0.0634	
0.0692	
0.0644	
0.0413	
0.0382	
0.0280	
0.0245	
0.0197	
0.0218	
0.0146	
0.0237	
0.0161	
0.0092	
0.0131	
0.0068	
0.0036	
0.0064	
0.0033	
0.0066	
0.0032	
0.0040	
0.0040	
0.0049	
0.0042	
0.0026	
0.0046	
0.0048	
0.0041	
0.0047	
0.0023	
0.0035	
0.0027	
0.0027	
0.0023	
0.0035	
0.0029	
0.0039	
0.0052	
0.0032	
0.0037	
0.0046	
0.0047	
0.0051	
0.0052	
0.0061	
0.0031	
0.0058	
0.0043	
0.0061	
0.0043	
0.0038	
0.0040	
0.0031	
0.0046	
0.0036	
0.0021	
0.0025	
0.0030	
0.0046	
0.0047	
0.0034	
0.0031	
0.0042	
0.0021	
0.0037	
0.0040	
0.0036	
0.0043	
0.0040	
0.0037	
0.0037	
0.0022	
0.0045	
0.0028	
0.0034	
0.0045	
0.0039	
0.0046	
0.0028	
0.0036	
0.0030	
0.0038	
0.0040	
0.0043	
0.0030	
0.0040	
0.0037	
0.0034	
0.0029	
0.0041	
0.0031	
