0.0781	
0.0938	
0.0703	
0.0820	
0.0977	
0.0781	
0.0781	
0.0859	
0.0742	
0.0859	
0.1016	
0.0820	
0.0586	
0.0625	
0.0547	
0.0547	
0.0547	
0.0547	
0.0547	
0.0586	
0.0586	
0.0547	
0.0664	
0.0703	
0.0703	
0.0703	
0.0703	
0.0703	
0.0703	
0.0703	
0.0664	
0.0703	
0.0703	
0.0664	
0.0547	
0.0703	
0.0547	
0.0508	
0.0430	
0.0313	
0.0469	
0.0234	
0.0313	
0.0547	
0.0625	
0.0547	
0.0742	
0.0820	
0.0352	
0.1094	
0.0664	
0.0625	
0.0938	
0.3164	
0.2891	
0.2227	
0.0898	
0.0430	
0.0469	
0.0508	
0.0508	
0.0430	
0.0664	
0.0234	
0.0352	
0.0234	
0.0547	
0.0703	
0.0547	
0.0625	
0.0703	
0.0742	
0.0664	
0.0664	
0.0664	
0.0703	
0.0469	
0.0586	
0.0508	
0.0313	
0.0430	
0.0234	
0.0313	
0.0508	
0.0391	
0.0391	
0.0977	
0.0547	
0.0586	
0.0625	
0.0664	
0.0508	
0.0859	
0.0820	
0.0742	
0.1172	
0.0313	
0.0352	
0.0273	
0.0469	
0.0430	
0.0313	
0.0352	
0.0313	
0.0234	
0.0352	
0.0234	
0.0234	
0.0273	
0.0234	
0.0273	
0.0234	
0.0273	
0.0234	
0.0234	
0.0273	
0.0234	
0.0234	
0.0234	
0.0273	
0.0234	
0.0234	
0.0273	
0.0234	
0.0234	
0.0273	
0.0234	
0.0391	
0.0313	
0.0352	
0.0234	
0.0469	
0.0352	
0.0313	
0.0469	
0.0352	
0.0391	
0.0430	
0.0859	
0.0625	
0.0742	
0.0781	
0.0703	
0.0781	
0.0703	
0.0586	
0.0547	
0.0742	
0.1016	
0.0742	
0.1680	
0.2813	
0.2148	
0.0508	
0.0313	
0.0352	
0.0625	
0.0508	
0.0586	
0.0781	
0.0703	
0.0977	
0.0781	
0.0742	
0.0703	
0.0742	
0.0703	
0.0742	
0.0703	
0.0703	
0.0586	
0.0781	
0.0430	
0.0195	
0.0469	
0.1016	
0.0547	
0.0898	
0.0938	
0.0586	
0.0742	
0.0820	
0.0781	
0.1055	
0.0703	
0.1055	
0.1133	
0.0898	
0.1133	
0.1211	
0.0742	
0.1211	
0.2500	
0.2188	
0.1055	
0.1094	
0.1133	
0.1367	
0.0820	
0.0313	
0.0273	
0.0273	
0.0508	
0.0508	
0.1133	
0.0508	
0.0664	
0.0625	
0.0547	
0.0430	
0.0391	
0.0430	
0.0352	
0.0313	
0.0391	
0.0391	
0.0625	
0.0391	
0.0430	
0.0391	
0.0508	
0.0391	
0.0391	
0.0117	
0.0234	
0.0547	
0.0391	
0.0508	
0.0469	
0.0469	
0.0430	
0.0469	
0.0469	
0.0547	
0.0586	
0.0547	
0.0352	
0.0430	
0.0586	
0.0508	
0.0664	
0.0820	
0.0664	
0.0781	
0.0781	
0.0703	
0.1016	
0.1133	
0.0625	
0.0742	
0.0781	
0.0781	
0.1094	
0.1406	
0.1328	
0.1094	
0.1016	
0.0938	
0.0742	
0.0820	
0.0938	
0.0781	
0.0977	
0.0977	
0.1016	
0.1211	
0.1055	
0.1172	
0.0742	
0.0898	
0.1094	
0.0977	
0.0898	
0.1328	
0.1328	
0.1133	
0.0742	
0.0625	
0.0898	
0.0547	
0.0547	
0.0625	
0.0586	
0.0625	
0.0469	
0.0664	
0.0273	
0.0508	
0.0586	
0.0352	
0.0469	
0.0469	
0.0508	
0.0469	
0.0938	
0.0625	
0.0938	
0.0664	
0.0742	
0.0313	
0.0742	
0.0938	
0.0586	
0.1016	
0.0625	
0.0820	
0.1250	
0.0820	
0.1133	
0.1172	
0.1289	
0.1055	
0.0820	
0.1211	
0.1133	
0.1602	
0.2148	
0.0859	
0.0703	
0.0547	
0.0508	
0.0703	
0.0859	
0.1055	
0.0781	
0.0664	
0.0781	
0.0391	
0.0547	
0.0391	
0.0430	
0.0391	
0.0625	
0.0547	
0.0664	
0.0586	
0.0820	
0.0469	
0.0195	
0.0703	
0.0859	
0.0547	
0.0625	
0.0742	
0.0859	
0.0859	
0.0859	
0.1016	
0.0703	
0.1445	
0.1328	
0.1133	
0.1133	
0.1523	
0.1172	
0.1250	
0.1016	
0.0859	
0.0703	
0.0391	
0.0234	
0.0547	
0.0508	
0.0625	
0.0586	
0.0703	
0.0664	
0.0547	
0.0547	
0.0430	
0.0313	
0.0273	
0.0313	
0.0625	
0.0586	
0.0664	
0.0742	
0.0742	
0.0664	
0.0625	
0.0508	
0.0547	
0.0586	
0.0430	
0.0664	
0.0352	
0.0430	
0.0938	
0.1016	
0.0703	
0.0742	
0.0586	
0.0742	
0.0625	
0.0742	
0.0703	
0.1250	
0.0820	
0.0742	
0.1055	
0.0820	
0.0820	
0.1250	
0.0898	
0.1016	
0.1406	
0.1094	
0.0859	
0.0547	
0.0469	
0.0352	
0.0586	
0.0625	
0.0703	
0.0781	
0.0938	
0.0742	
0.0859	
0.0586	
0.0625	
0.0586	
0.0664	
0.0664	
0.0586	
0.0703	
0.0625	
0.0586	
0.0664	
0.0938	
0.0664	
0.1172	
0.1133	
0.1602	
0.1445	
0.1367	
0.1563	
0.0977	
0.0625	
0.0391	
0.0508	
0.0625	
0.0508	
0.0547	
0.0508	
0.0742	
0.0859	
0.0898	
0.0859	
0.0742	
0.0273	
0.0625	
0.0352	
0.0430	
0.0586	
0.0508	
0.0586	
0.0664	
0.0313	
0.0586	
0.1016	
0.0586	
0.0820	
0.0781	
0.0703	
0.1016	
0.0898	
0.1016	
0.1094	
0.1094	
0.0703	
0.0508	
0.0781	
0.0664	
0.1016	
0.0859	
0.1367	
0.1211	
0.1055	
0.1016	
0.0781	
0.0938	
0.1133	
0.1211	
0.0742	
0.1250	
0.0938	
0.0977	
0.1055	
0.0664	
0.0938	
0.0781	
0.1016	
0.0508	
0.0703	
0.0781	
0.0859	
0.1016	
0.0742	
0.1094	
0.1172	
0.1328	
0.0859	
0.0977	
0.1094	
0.0820	
0.0859	
0.0781	
0.1367	
0.0820	
0.0742	
0.0859	
0.0625	
0.0977	
0.1016	
0.0898	
0.0820	
0.0703	
0.0898	
0.1016	
0.0547	
0.0898	
0.1016	
0.1250	
0.1016	
0.0938	
0.0820	
0.0820	
0.0859	
0.1016	
0.0586	
0.0938	
0.0820	
0.1133	
0.0859	
0.1367	
