0.0032	
0.0042	
0.0009	
0.0017	
0.0025	
0.0028	
0.0015	
0.0006	
0.0005	
0.0004	
0.0007	
0.0007	
0.0002	
0.0004	
0.0007	
0.0005	
0.0003	
0.0008	
0.0012	
0.0023	
0.0007	
0.0004	
0.0005	
0.0045	
0.0369	
2.4082	
6.5240	
8.5104	
8.4253	
9.9413	
16.5763	
17.5934	
17.1125	
13.3265	
7.0357	
1.5046	
0.4535	
0.3350	
0.2496	
0.1083	
1.0141	
6.0208	
8.7629	
7.6795	
8.5694	
7.4278	
5.3875	
5.6554	
4.2855	
2.5468	
0.4224	
0.0866	
0.0425	
0.1364	
0.0806	
0.0883	
0.0232	
1.7124	
5.6915	
3.6904	
2.0465	
2.8432	
1.9243	
1.3437	
1.4293	
1.4180	
0.9090	
0.1562	
0.0348	
0.0378	
1.0210	
2.6237	
5.7159	
4.7480	
5.0616	
4.2849	
4.9532	
6.0571	
2.0428	
0.2633	
0.1266	
0.0631	
0.0173	
0.0303	
1.3346	
4.5585	
3.4792	
2.9341	
3.0895	
6.2258	
8.1111	
8.0756	
4.9467	
0.5898	
0.1663	
0.2115	
0.3523	
0.9357	
3.7760	
5.2431	
4.4606	
3.1075	
3.0322	
4.0445	
5.3286	
6.5782	
5.7745	
2.4396	
1.4777	
2.4121	
1.7894	
2.8981	
2.8432	
3.6997	
2.9976	
3.4369	
1.3038	
0.2973	
0.1243	
0.2001	
0.4113	
0.6133	
0.6345	
0.8698	
1.5264	
1.2214	
1.9982	
1.6551	
0.8413	
0.4571	
0.0512	
0.0256	
0.0215	
0.0150	
0.1262	
0.7868	
0.8854	
0.7987	
0.7388	
0.2719	
0.0569	
0.0185	
0.0145	
0.0051	
0.0137	
2.1979	
5.8952	
3.1726	
3.7801	
5.3722	
6.5986	
1.8057	
1.4939	
1.0051	
0.2089	
0.0354	
0.0142	
0.0246	
0.0100	
0.0055	
0.0015	
0.0014	
0.0008	
0.0009	
0.0009	
0.0005	
0.0006	
0.0004	
0.0004	
0.0009	
0.0007	
0.0007	
0.0009	
0.0008	
0.0007	
0.0007	
0.0004	
0.0008	
0.0007	
0.0003	
0.0007	
0.0010	
0.0003	
0.0004	
0.0007	
0.0006	
0.0011	
0.0009	
0.0013	
0.0012	
