0.0664	
0.0742	
0.0859	
0.0625	
0.0547	
0.0352	
0.0391	
0.0430	
0.0547	
0.0859	
0.0195	
0.0508	
0.1367	
0.1289	
0.0625	
0.0664	
0.1289	
0.0352	
0.0117	
0.0117	
0.0469	
0.0664	
0.0977	
0.1875	
0.3945	
0.0781	
0.0625	
0.0547	
0.0625	
0.0703	
0.0352	
0.0391	
0.0391	
0.0391	
0.0391	
0.0391	
0.0352	
0.0391	
0.0391	
0.0391	
0.0547	
0.1016	
0.1328	
0.1953	
0.1836	
0.1797	
0.2031	
0.1563	
0.1484	
0.1211	
0.1094	
0.1289	
0.1172	
0.4336	
0.4766	
0.4141	
0.3359	
0.0742	
0.0625	
0.0625	
0.1055	
0.0820	
0.1445	
0.0508	
0.0352	
0.0313	
0.0313	
0.0273	
0.0391	
0.0664	
0.0586	
0.0703	
0.0586	
0.0664	
0.0742	
0.0781	
0.0781	
0.0781	
0.0625	
0.0625	
0.0625	
0.0703	
0.0820	
0.0977	
0.0508	
0.0664	
0.0703	
0.0625	
0.0352	
0.0352	
0.0352	
0.0352	
0.0352	
0.0898	
0.2695	
0.4492	
0.4180	
0.1641	
0.1016	
0.1172	
0.1055	
0.0820	
0.0430	
0.0313	
0.0352	
0.0391	
0.0352	
0.0313	
0.0352	
0.0352	
0.0469	
0.0703	
0.0977	
0.0898	
0.0977	
0.0859	
0.0742	
0.0664	
0.0703	
0.0664	
0.0781	
0.0430	
0.0469	
0.0469	
0.0586	
0.0859	
0.0742	
0.0352	
0.0273	
0.0234	
0.0859	
0.0820	
0.0508	
0.0430	
0.0469	
0.0586	
0.0664	
0.0781	
0.0703	
0.0625	
0.0859	
0.1055	
0.1016	
0.1250	
0.0664	
0.0625	
0.0742	
0.0859	
0.1016	
0.1133	
0.0898	
0.0859	
0.1016	
0.0938	
0.0898	
0.1523	
0.0742	
0.0898	
0.0820	
0.0820	
0.0898	
0.0859	
0.0547	
0.0742	
0.0430	
0.0195	
0.0430	
0.0586	
0.0352	
0.1641	
0.0352	
0.0586	
0.0352	
0.0742	
0.0977	
0.0430	
0.0781	
0.0742	
0.0820	
0.1055	
0.1172	
0.1094	
0.1328	
0.1484	
0.0938	
0.1992	
0.1367	
0.1914	
0.1250	
0.1719	
