0.0256	
0.0263	
0.0178	
0.0178	
0.0304	
0.0184	
0.0181	
0.0166	
0.0190	
0.0218	
0.0273	
0.0143	
0.0227	
0.0146	
0.0177	
0.0121	
0.0109	
0.0229	
0.0265	
0.0159	
0.0223	
0.0252	
0.0312	
0.0196	
0.0152	
0.0307	
0.0180	
0.0216	
0.0200	
0.0140	
0.0202	
0.0148	
0.0152	
0.0185	
0.0145	
0.0153	
0.0134	
0.0152	
0.0154	
0.0108	
0.0167	
0.0113	
0.0152	
0.0121	
0.0173	
0.0166	
0.0217	
0.0181	
0.0356	
0.0252	
0.0109	
0.0153	
0.0122	
0.0162	
0.0158	
0.0111	
0.0123	
0.0124	
0.0846	
0.4732	
1.1978	
3.4567	
14.3522	
40.9421	
23.6740	
13.3542	
7.2732	
9.2532	
17.6929	
16.5368	
18.5725	
19.2718	
13.5110	
8.6556	
1.5515	
0.8590	
0.2930	
0.1520	
0.1974	
0.5344	
0.6953	
1.8559	
3.1069	
7.4885	
5.9395	
10.0857	
5.7045	
5.6269	
5.5755	
5.8565	
4.4672	
0.9048	
0.1314	
0.0508	
0.0669	
0.0461	
0.0511	
0.0798	
0.0732	
0.0930	
0.0367	
1.3435	
6.4499	
5.6196	
4.8220	
4.1581	
3.5805	
3.0542	
2.2219	
2.2418	
3.7067	
3.7900	
1.2178	
0.5002	
2.2799	
4.5546	
12.1540	
13.8669	
15.7190	
13.3947	
5.4734	
4.1607	
1.0026	
0.3406	
0.1494	
0.1464	
0.1939	
0.1102	
0.5805	
2.8184	
4.5731	
4.4349	
5.5088	
7.4684	
11.0835	
7.7282	
8.5014	
11.8637	
17.6511	
24.8312	
21.2714	
17.8927	
21.7985	
27.2010	
10.1416	
4.5365	
1.4125	
0.3179	
0.1106	
0.1531	
0.1335	
0.1228	
0.1011	
0.0792	
0.3226	
2.5833	
9.9379	
14.8049	
16.9686	
15.9361	
14.9486	
7.3447	
3.3627	
4.3854	
5.2443	
3.4518	
1.0508	
0.7451	
0.3005	
0.2552	
0.2258	
0.5560	
1.6403	
4.9824	
8.7603	
14.9886	
20.1743	
18.7505	
16.7030	
15.4453	
12.7038	
10.1716	
2.8789	
0.9400	
0.2248	
0.0641	
0.0625	
0.0359	
0.0312	
0.0281	
0.0225	
0.0222	
0.0135	
0.0132	
0.0188	
0.0250	
0.0201	
0.0240	
0.0109	
0.0122	
0.0113	
0.0129	
0.0127	
0.0119	
0.0138	
0.0144	
0.0072	
0.0070	
0.0050	
0.0066	
0.0067	
0.0170	
0.0195	
0.0153	
0.0072	
