0.0002	
0.0001	
0.0002	
0.0002	
0.0002	
0.0002	
0.0002	
0.0002	
0.0002	
0.0001	
0.0002	
0.0001	
0.0001	
0.0002	
0.0001	
0.0001	
0.0002	
0.0002	
0.0002	
0.0002	
0.0001	
0.0002	
0.0002	
0.0002	
0.0002	
0.0001	
0.0002	
0.0002	
0.0002	
0.0001	
0.0002	
0.0002	
0.0002	
0.0002	
0.0002	
0.0002	
0.0002	
0.0002	
0.0002	
0.0002	
0.0002	
0.0002	
0.0001	
0.0002	
0.0070	
0.0045	
0.0280	
0.0365	
0.0256	
0.1737	
3.8598	
7.8243	
9.2681	
10.3008	
7.5189	
3.7912	
3.6332	
4.1594	
4.1878	
4.9128	
4.8238	
4.9304	
4.6131	
4.0795	
3.2379	
3.6712	
4.9110	
5.1245	
6.9351	
16.2051	
19.6937	
16.7180	
10.7275	
10.9707	
7.7482	
6.6563	
5.0270	
1.6568	
0.1808	
0.1504	
0.8650	
4.1053	
4.9235	
3.7040	
3.4025	
3.5751	
1.7115	
1.0162	
0.1579	
0.0411	
0.0178	
0.0737	
0.1883	
0.1369	
1.0444	
11.1368	
19.9323	
18.0775	
18.0783	
12.7587	
4.6509	
0.7668	
0.1791	
0.0492	
0.0305	
0.0311	
0.0155	
0.8112	
4.9384	
6.1019	
5.9568	
4.5894	
2.6455	
3.1996	
2.9451	
0.7268	
0.0703	
0.1250	
1.9699	
5.1253	
8.7473	
8.4205	
3.6730	
0.5287	
0.0245	
0.0905	
1.9276	
4.6420	
6.2444	
6.9261	
7.0971	
3.7690	
2.7847	
1.1487	
0.1151	
0.0331	
0.2890	
4.8979	
6.5945	
4.5821	
4.2783	
3.4224	
3.4718	
2.2377	
2.0537	
1.9085	
2.6267	
3.6658	
5.2018	
6.2450	
5.0827	
9.0353	
11.7906	
21.3629	
15.7120	
12.6157	
5.8309	
2.1959	
0.3305	
0.0941	
0.0214	
0.0481	
0.2965	
0.3789	
0.4435	
3.4849	
8.5833	
8.7516	
6.6983	
5.5122	
1.6489	
1.2015	
1.0600	
1.9119	
5.5864	
6.2808	
5.7004	
7.0528	
4.8683	
4.3029	
3.2429	
3.4750	
2.1177	
1.8035	
1.6271	
0.8906	
0.5321	
0.5170	
0.9844	
2.0264	
3.2883	
3.8636	
1.7158	
0.5057	
0.3255	
1.9604	
13.9928	
18.5675	
9.2449	
7.5471	
6.6643	
1.8167	
0.4442	
0.1708	
0.1119	
0.7210	
5.4791	
5.5864	
6.7219	
5.5231	
4.8406	
3.5978	
1.5276	
1.0413	
1.0825	
1.0466	
0.5416	
0.1232	
0.0646	
0.0755	
0.1830	
0.4965	
0.8923	
0.8791	
1.2222	
0.9737	
0.5098	
0.1810	
0.0904	
0.0846	
0.0791	
0.0512	
0.0541	
0.0270	
0.9421	
2.0051	
2.4018	
2.9049	
2.1860	
1.8084	
0.8015	
0.2719	
0.0542	
0.0138	
0.0060	
0.0257	
0.1453	
3.9035	
3.8736	
7.5792	
9.4460	
8.3891	
6.3680	
4.5116	
2.3918	
1.2068	
0.4876	
0.0712	
0.0527	
0.0708	
0.0295	
0.0184	
0.1891	
0.6881	
0.4494	
0.1232	
0.0314	
0.0088	
0.0036	
1.5890	
1.9592	
1.5173	
1.5367	
1.7221	
3.4682	
3.6860	
3.2283	
1.2748	
0.0628	
0.0132	
0.1411	
0.5819	
0.0513	
0.0600	
0.0570	
0.1753	
0.9941	
0.8960	
1.1975	
0.6120	
0.2204	
0.0541	
0.0281	
0.0092	
0.0034	
0.0009	
0.0009	
0.0005	
0.0006	
0.0007	
0.0005	
0.0005	
0.0005	
0.0006	
0.0008	
0.0009	
0.0016	
0.0014	
0.0011	
0.0014	
0.0009	
0.0008	
0.0007	
0.0007	
0.0007	
0.0007	
0.0006	
0.0007	
0.0007	
0.0005	
0.0005	
0.0005	
0.0005	
0.0008	
0.0007	
0.0006	
0.0003	
0.0005	
0.0005	
0.0006	
0.0004	
0.0010	
0.0012	
0.0020	
0.0009	
0.0008	
0.0028	
0.0009	
0.0009	
0.0008	
0.0008	
0.0004	
