0.2500	
0.2461	
0.2930	
0.3047	
0.2852	
0.2773	
0.2461	
0.2578	
0.2813	
0.2383	
0.2773	
0.2891	
0.2461	
0.2422	
0.2695	
0.2148	
0.2578	
0.2617	
0.2305	
0.2305	
0.2852	
0.2422	
0.2891	
0.2422	
0.2852	
0.2617	
0.2930	
0.2422	
0.2617	
0.2969	
0.2539	
0.2461	
0.2773	
0.2617	
0.2695	
0.2578	
0.2578	
0.2539	
0.2734	
0.2578	
0.2930	
0.2461	
0.2813	
0.2813	
0.1719	
0.1797	
0.1602	
0.1797	
0.1758	
0.1563	
0.1055	
0.1055	
0.0977	
0.0977	
0.1016	
0.0625	
0.0391	
0.0430	
0.0586	
0.0781	
0.0703	
0.0547	
0.0625	
0.0586	
0.0469	
0.0313	
0.0313	
0.0313	
0.0313	
0.0938	
0.1016	
0.1094	
0.1172	
0.1016	
0.0898	
0.0820	
0.0781	
0.0625	
0.0391	
0.0547	
0.0547	
0.0781	
0.0742	
0.0703	
0.0703	
0.0703	
0.0703	
0.0625	
0.0742	
0.0391	
0.1055	
0.3867	
0.3828	
0.3555	
0.1563	
0.0625	
0.0547	
0.0547	
0.0586	
0.0586	
0.0586	
0.0664	
0.1211	
0.3086	
0.3086	
0.3398	
0.3008	
0.1172	
0.0703	
0.0938	
0.0938	
0.0625	
0.0273	
0.0313	
0.0273	
0.0273	
0.0273	
0.1289	
0.0703	
0.0625	
0.0625	
0.0625	
0.0508	
0.0273	
0.0977	
0.1289	
0.0430	
0.0820	
0.0898	
0.0898	
0.0781	
0.0742	
0.0586	
0.0430	
0.0352	
0.0703	
0.0820	
0.0586	
0.0547	
0.0781	
0.0703	
0.0859	
0.0625	
0.0547	
0.0547	
0.0586	
0.0586	
0.0742	
0.0781	
0.0781	
0.0820	
0.0977	
0.0898	
0.0781	
0.0781	
0.0820	
0.0820	
0.0820	
0.0703	
0.0586	
0.0742	
0.2422	
0.3477	
0.3359	
0.2188	
0.0742	
0.0547	
0.0820	
0.1094	
0.0625	
0.0820	
0.1133	
0.1094	
0.1016	
0.0820	
0.1289	
0.1016	
0.1016	
0.0742	
0.0703	
0.0742	
0.0742	
0.0742	
0.0625	
0.0508	
0.0469	
0.0469	
0.0508	
0.0508	
0.0703	
0.0859	
0.0781	
0.0898	
0.0508	
0.0352	
0.0586	
0.0625	
0.0625	
0.0625	
0.0742	
0.0547	
0.0625	
0.0586	
0.0586	
0.0430	
0.0547	
0.0547	
0.0820	
0.0938	
0.0859	
0.0781	
0.0781	
0.0781	
0.0781	
0.0586	
0.0469	
0.0508	
0.0625	
0.0703	
0.0703	
0.0508	
0.0508	
0.0508	
0.0547	
0.0547	
0.0547	
0.0469	
0.0977	
0.2227	
0.2109	
0.2383	
0.2109	
0.1836	
0.1328	
0.0508	
0.0586	
0.0586	
0.0508	
0.0547	
0.0508	
0.0508	
0.0508	
0.0586	
0.0273	
0.1211	
0.2500	
0.2773	
0.0664	
0.0781	
0.0898	
0.0820	
0.0938	
0.1172	
0.1133	
0.1172	
0.0742	
0.0430	
0.1797	
0.1953	
0.1914	
0.1875	
0.1523	
0.0625	
0.0352	
0.0273	
0.0430	
0.0430	
0.0938	
0.1367	
0.0820	
0.1016	
0.0898	
0.1016	
0.1133	
0.1016	
0.1016	
0.0820	
0.0664	
0.0547	
0.0586	
0.0898	
0.0938	
0.1055	
0.1172	
0.1367	
0.0977	
0.0977	
0.1094	
0.1172	
0.1133	
0.1250	
0.0703	
0.0586	
0.0898	
0.1211	
0.1328	
0.1563	
0.1289	
0.1680	
0.1680	
0.2383	
0.1992	
0.1523	
0.2031	
0.1953	
0.1406	
0.1992	
0.1953	
0.1875	
0.2031	
0.1875	
0.1875	
0.1992	
0.1875	
0.1602	
0.1914	
0.1680	
0.2031	
0.1797	
0.2305	
0.1641	
0.1992	
0.1875	
0.1445	
0.1758	
0.1758	
0.2734	
0.1758	
0.1797	
0.2500	
0.2344	
0.1172	
0.1445	
0.0898	
0.1523	
0.1836	
0.1484	
0.2539	
0.1992	
0.2188	
0.1992	
0.2148	
