0.0008	
0.0006	
0.0005	
0.0008	
0.0008	
0.0009	
0.0009	
0.0009	
0.0008	
0.0008	
0.0005	
0.0006	
0.0009	
0.0010	
0.0006	
0.0008	
0.0008	
0.0006	
0.0010	
0.0008	
0.0006	
0.0007	
0.0008	
0.0010	
0.0006	
0.0007	
0.0074	
0.0008	
0.0008	
0.0009	
0.0008	
0.0007	
0.0006	
0.0010	
0.0010	
0.0016	
0.0023	
0.0014	
0.0006	
0.0008	
0.0009	
0.0011	
0.0009	
0.0011	
0.0009	
0.0009	
0.0008	
0.0011	
0.0011	
0.0012	
0.1967	
0.7738	
6.9745	
16.9929	
11.4342	
6.2013	
4.0098	
3.4961	
0.7763	
0.3302	
0.2479	
0.3409	
0.4030	
0.2899	
0.1915	
0.0904	
5.6523	
15.2753	
16.1840	
12.2384	
10.5746	
1.3619	
0.0774	
0.0101	
0.0456	
0.1050	
0.1111	
0.1202	
0.1397	
3.0357	
12.2873	
14.1733	
8.2938	
6.6526	
2.6195	
1.1539	
0.7851	
0.3145	
0.0819	
0.0668	
0.0224	
0.0140	
0.1539	
0.1990	
0.1230	
0.2250	
0.2996	
0.1596	
0.2613	
0.0979	
0.0867	
1.6443	
1.7560	
1.5982	
2.0933	
2.2281	
1.7007	
1.5739	
0.9544	
0.7493	
0.6507	
0.5173	
0.3683	
0.1314	
0.0053	
0.4623	
0.2095	
7.6477	
16.6874	
20.9006	
9.2849	
5.3031	
3.1312	
0.2678	
0.3244	
0.6626	
0.1793	
0.0024	
0.0017	
0.0032	
0.0018	
0.0007	
0.0008	
0.0004	
0.0007	
0.0005	
0.0005	
0.0004	
0.0007	
0.0010	
0.0014	
0.0018	
0.0016	
0.0017	
0.0014	
0.0011	
0.0008	
0.0008	
0.0006	
0.0006	
0.0008	
0.0006	
0.0006	
0.0005	
0.0007	
0.0006	
0.0006	
0.0005	
0.0383	
0.9922	
8.1141	
5.4181	
3.7508	
0.6759	
0.5674	
0.2893	
0.2779	
0.2275	
0.1734	
0.1278	
0.0472	
0.1684	
0.4368	
0.6558	
0.7409	
0.5974	
0.3338	
0.1257	
0.6385	
2.5613	
2.8141	
1.7655	
1.1548	
0.8039	
0.5548	
0.4346	
0.2504	
0.0951	
0.0988	
0.1292	
0.2636	
0.3051	
0.2218	
0.2813	
0.1037	
0.6485	
1.9462	
1.2787	
0.3049	
0.0027	
0.0016	
0.1148	
0.0439	
0.2340	
0.3077	
0.3336	
5.4435	
4.2688	
3.9558	
0.5673	
0.0415	
0.0069	
0.4669	
3.0588	
1.6834	
1.5323	
0.7264	
0.5946	
0.1335	
0.1707	
0.1579	
0.3819	
0.8839	
1.5509	
0.7722	
0.0629	
0.0028	
0.0011	
0.1697	
0.1289	
0.9102	
0.8088	
0.1647	
0.0778	
0.0297	
0.0191	
0.0154	
0.0015	
0.0007	
0.0006	
0.0006	
0.0225	
0.5537	
0.8988	
0.2825	
0.1874	
0.1188	
0.0252	
0.1687	
0.6244	
0.5530	
0.3547	
0.3939	
0.1787	
0.0977	
0.0227	
0.0499	
0.2961	
0.4340	
0.3078	
0.2662	
0.4408	
1.5956	
2.5942	
0.1340	
0.1582	
0.0478	
0.0177	
0.0053	
0.0007	
0.0007	
0.0007	
0.0005	
0.0006	
0.0005	
0.0006	
0.0006	
0.0006	
0.0004	
0.0005	
0.0005	
0.0004	
0.0005	
0.0005	
0.0005	
0.0004	
0.0008	
0.0005	
0.0006	
0.0006	
0.0005	
0.0005	
0.0007	
0.0004	
0.0007	
0.0005	
0.0006	
0.0004	
0.0004	
0.0005	
0.0005	
0.0005	
0.0006	
0.0006	
0.0006	
0.0007	
0.0004	
0.0005	
0.0006	
0.0005	
0.0004	
0.0006	
0.0005	
0.0005	
0.0005	
0.0005	
0.0006	
0.0005	
0.0006	
0.0007	
0.0006	
0.0005	
0.0005	
0.0005	
0.0005	
0.0008	
0.0006	
