0.0024	
0.0029	
0.0013	
0.0026	
0.0020	
0.0028	
0.0015	
0.0027	
0.0023	
0.0124	
0.0020	
0.0026	
0.0021	
0.0048	
0.0101	
0.0053	
0.0062	
0.0073	
0.0169	
0.0156	
0.0331	
0.0281	
0.0193	
0.0100	
0.0028	
0.0025	
0.0029	
0.0023	
0.2985	
2.4775	
5.5335	
8.7310	
7.5092	
9.6932	
9.9733	
7.8598	
10.0109	
7.3666	
9.4925	
6.1371	
4.6256	
7.9361	
9.1799	
8.0836	
9.3431	
8.1919	
7.4125	
6.8330	
3.2940	
3.1502	
2.4029	
0.7443	
0.0919	
0.0437	
0.0209	
0.0224	
0.0576	
8.0600	
11.4095	
8.3097	
5.0131	
2.3013	
3.3193	
3.1712	
2.0466	
1.4301	
0.5732	
0.1034	
0.1691	
2.7399	
2.5741	
1.4159	
0.3291	
0.0309	
0.0198	
0.0190	
0.0281	
6.7740	
8.3798	
12.8314	
15.7991	
12.3756	
11.1422	
7.7912	
3.0703	
0.7001	
0.3128	
0.0590	
0.0272	
0.0275	
0.0219	
0.0208	
0.0196	
0.8424	
1.5309	
1.4386	
0.6316	
0.2674	
0.2736	
0.0615	
0.1127	
0.0956	
0.0472	
0.1160	
0.1158	
0.2023	
0.0206	
0.0262	
0.0109	
0.0077	
0.0307	
0.2184	
3.1741	
3.7369	
2.8648	
1.4226	
2.0143	
2.0561	
2.4255	
2.7418	
2.6584	
1.9368	
0.8281	
0.1693	
0.0729	
0.0506	
0.0675	
1.8861	
1.8925	
1.7662	
1.2283	
0.9585	
0.3352	
0.3034	
0.1904	
0.0716	
0.1077	
0.5445	
0.9910	
0.6729	
0.5066	
0.5423	
0.3125	
0.0884	
0.0083	
0.0180	
0.0104	
0.0779	
0.0749	
0.3083	
2.4760	
6.2412	
5.2268	
3.1486	
1.9780	
1.8375	
1.2936	
1.1207	
1.0150	
0.3640	
0.1512	
0.0428	
0.0075	
0.0048	
0.0041	
0.0035	
0.0030	
0.0041	
0.0031	
0.0025	
0.0029	
0.0022	
0.0023	
0.0020	
0.0022	
0.0020	
0.0029	
0.0017	
0.0020	
0.0023	
0.0023	
0.0027	
0.0019	
0.0023	
0.0021	
0.0028	
0.0024	
